# This is a list of speeds taken from the .fit file of a Garmin Edge 840 Solar, which was
# stationary on a table in a house in a city. About 2 mins of readings.
0.000
0.000
0.000
0.196
0.261
0.196
0.000
0.000
0.000
0.196
0.000
0.336
0.205
0.000
0.280
0.308
0.420
0.205
0.000
0.000
0.000
0.299
0.205
0.000
0.000
0.233
0.233
0.000
0.457
0.271
0.000
0.000
0.243
0.299
0.224
0.000
0.196
0.000
0.000
0.000
0.000
0.205
0.000
0.000
0.000
0.000
0.289
0.243
0.196
0.000
0.261
0.252
0.000
0.000
0.000
0.000
0.224
0.000
0.271
0.215
0.000
0.000
0.280
0.644
0.317
0.289
0.588
0.000
0.000
0.205
0.420
0.336
0.299
0.383
0.000
0.560
0.261
0.000
0.000
0.224
0.252
0.243
0.000
0.000
0.000
0.345
0.000
0.000
0.261
0.233
0.000
0.000
0.000
0.000
0.215
0.439
0.000
0.439
0.205
0.000
0.000
0.000
0.000
0.000
0.000
0.000
0.000
0.000
0.000
0.000
0.000
0.000
0.289
0.000
0.000
0.000
0.215
0.000
0.261
0.000
0.000
0.000
0.000
0.000
0.000
0.000
0.000
0.000
0.196
0.000
0.000
0.000
0.000
0.000
0.271
0.392
0.000
0.000
0.271
0.000
0.000
0.000
0.000
0.000
0.000
0.261
0.224
0.383
0.000
0.000
0.000
0.000
0.000
0.233
0.000
0.000
0.000
0.000
0.233
0.280
0.000
0.000
0.000
0.000
0.000
0.000
0.000
0.000
0.000
0.000
0.000
0.000
0.271
0.336
0.252
0.000
0.289
0.224
0.000
0.000
0.000
0.000